10.5635282781501 -7.70973758426978 -20.7018202773347
-9.723653324673846 -1.56878705775573 -14.12180803913378
-20.60287550208932 -18.28677435680092 -17.60388573825114
-17.98761541000716 15.47077428961275 21.60099947636881
9.357429846822185 -18.17522743455003 -15.15010796412548
21.30991440917491 14.02138380775737 -18.05812784734166
7.50181411020675 16.02973339379889 13.81451269631483
4.659676102455795 -15.01400437038587 -17.28959844126048
-5.70751207461315 17.72649057543104 16.33359339299356
16.68431343806617 -22.01653251834817 -20.74395011518317
-14.1152878893623 15.44788265853233 -23.08340948399387
-12.28045052062231 23.87813350743854 -10.7551941519238
2.659819760666171 18.47807385912209 11.36507087856904
0.03874964355876642 -7.786041347338771 18.55360199009469
-17.33069123724928 -10.87833822611028 -13.03147806795126
-4.657932225391562 5.509099124184197 -21.00305920067036
-15.25027366216751 -20.01898327473539 -15.14551846679689
17.28161736183746 -2.094456078554449 12.26394048484098
-11.23746836408763 15.20454432093356 -10.03911580188656
10.51915629577718 -22.45917581573629 23.65922480375446
-14.52419636305137 23.41025911931283 -18.47558229102966
24.6534590268094 23.13741658894873 -10.46858972289531
6.117709217224487 20.84941058498087 15.62984948618583
-12.66431667700657 10.58089032225346 23.14335170143793
-16.91928333198201 5.108440107964568 13.96356782508258
-15.79357724268693 14.8664137076444 23.34914100182178
17.76241926533901 -6.478923753321755 -21.52583217455886
4.986031595586393 16.71839986878886 24.79982849188278
9.78544158552338 17.30099285455814 -13.12977640870428
-11.5409247510903 2.896975784995626 -23.3093793605609
3.549801909597988 10.05788540622007 -17.91007715731998
-24.06280971892982 -11.06862713445821 17.64521249268843
-24.69694737373666 -19.87401461169257 19.81434046075667
13.32639591376145 -19.95193853991374 -17.1013311121825
-13.13670118994826 18.01094055729613 -19.26971712402084
-13.21418826332168 -2.383506339176031 -22.08822431831436
-15.17713857788476 -23.97049668184305 15.05651958669248
-16.869336761876 14.32044579803642 23.13439020000912
16.29278843093119 23.38462523795736 -14.12908848181834
21.33615455173404 -13.89866369065773 13.35116475238053
22.23950248750234 -4.351562363710245 -24.23109327079501
23.91995759892944 -19.82487572973518 10.57012842631709
4.012853100419389 -14.11935549577485 17.81730838676649
22.47741990771006 -24.50767172638078 13.11495790132123
-18.15910306058935 21.35763115501519 12.07744473427348
2.019098916701667 0.1899593666680244 13.9867382256597
1.600326361201559 -13.40368048015559 16.65778474661275
-15.48794994158404 21.54935826157073 -24.79660352134669
-4.281419939523798 -22.51469186360828 23.0826278449856
7.066449541605785 -20.49621984399543 -16.31191173220302
11.8327913767791 -3.921995413052939 -12.69113009280465
-21.97375300805567 -20.18024241261747 23.74686990572164
-14.37768207885131 -15.76447880027201 10.92488728653907
18.3289514341765 15.87770800160101 22.85334549503632
-9.873667756191788 -0.0759831681455575 -11.27387386256728
-5.855008360523098 4.189198161511564 -10.73308958296294
-12.42040618069003 12.49381106422989 -18.2447381921522
23.58818677287936 6.25448127001425 13.2354513602305
15.380243958271 -5.191486104084983 24.22527735214452
19.39286326631455 -21.82955578138583 13.44723313394359
3.581459359275624 -9.747738982832935 12.29728491524757
-23.48553235158272 -12.47277523661552 -20.51832090609916
22.74691731502566 15.02048978472766 -21.15906555692057
-8.181580334996589 -2.622614080918237 -15.58288953775809
-5.961287283710207 -13.45258760688958 -17.90084852942466
-5.890374793234429 19.7363757315341 14.55398961715229
-19.67087822000631 -9.818059698393103 17.50491191765446
0.9384622164980094 -20.98785225897238 20.47320151202662
-21.09604084298379 2.387596636515449 21.83571513810217
-18.45902934373278 -19.31215065261695 -17.23809814554385
20.71442961483238 24.99589223227067 -22.14584147718526
-21.54120084821031 -11.03460955911995 16.89040260817591
-22.53992962832213 21.57833307354812 -18.09990106633314
12.67868467393431 -9.592342444363631 20.78173299263487
-19.31911451378816 7.393131984928325 20.01706187132498
-5.020402203247601 -2.858753862305999 22.67330046406306
-24.76375051366744 14.30322767344885 -22.11035983986996
0.1487377417104474 -6.122576795099135 -12.21235609252912
13.14565079354724 16.21646725747695 16.05040793522037
5.074310454467401 -19.81035886817024 19.95700887429772
6.115315172132058 -17.67082985102026 -16.09040835027824
15.51966524713224 8.751656193294883 20.81323562339617
-18.83885698749899 5.018348941763024 17.43140242392228
11.2805251806703 18.00486284397696 -18.40216663214414
4.757760791593951 11.10611289074267 11.74365569289758
-3.477280635347105 -4.209604393566532 -14.4661626775664
-20.83894467819933 5.591997745286586 14.52790487678205
10.88191982734455 -24.86322269065117 17.59390175215862
-22.60602618877494 -5.338208766506172 -22.99482209481135
-21.10925134426281 -3.208501606386191 -22.16721183045606
-10.12023596371013 -11.02605330882373 13.18921991616077
-3.04305613973471 16.69814443816219 12.81699949799486
-7.983520061632618 -18.95390869782101 15.14613274803623
-18.13275457724125 10.14802315519217 17.91327963001582
-19.01276884074027 13.99407744397218 11.45789901515238
15.69017439877848 -17.79010176997733 -12.16027082458532
-19.93479301869925 14.71790873117577 -14.74564197044026
-22.23318782295523 -12.09728091395743 -18.35729637189511
-0.5620303372634222 13.36700834765155 15.09201723303061
-6.357866533837028 9.45280133025525 14.33983472129538
-3.459838737120172 15.34286129414201 -12.12587331757937
-10.56784201428417 -22.7506155284025 18.34866943612797
-12.98180494087704 1.301864940566549 -19.68562475762361
-12.49106907964957 13.93990590549524 -15.5239328886844
11.02888676130634 -16.76497681483948 -22.3720279848392
-5.054022867902294 19.19206862423906 16.45114663366068
10.48201135577859 10.18251096718259 -16.94426946009909
7.706221893229398 -21.73339607205548 22.56058175266041
18.00653018754727 21.62205324528945 -16.45518484878171
-3.143698842383216 -13.64706673078326 23.95611020366182
-1.80382463452263 13.61388747633109 -22.15855892072607
22.76051879342267 -12.57054416474892 -23.17665442162359
12.6165636037778 -11.37457901708893 16.96050785168451
24.33853683373735 -23.70023219366052 19.56158550631126
22.94724639923082 -22.7764840621315 -15.49759457071579
-15.38345042843762 16.44361669086799 -23.6731688077237
18.92621975573139 5.446281643815171 21.46921356892466
22.10161163163033 -20.4977863310333 -10.74304868565316
-7.172919480538434 6.575765544688789 -11.94264783614061
-10.84805948521204 19.71202510785217 11.21199866214252
